%YAML:1.0


cam0:
  T_cam_imu:
    - [0.9979496725719893, 0.06123997935020978, 0.018604191534299097, -0.07253298330107223]
    - [-0.06133961456746749, 0.9981052547183253, 0.0048324102041381895, 0.019214929337685246]
    - [-0.018273004629056948, -0.005963676119006495, 0.9998152488679966, -0.11777480805161732]
    - [0.0, 0.0, 0.0, 1.0]
  cam_overlaps: []
  camera_model: pinhole
  distortion_coeffs: [-0.04054588360972626, 0.028918814256242712, -0.001103184435561771, 0.0006198685377518892]
  distortion_model: radtan
  intrinsics: [637.4508718721373, 637.1530092909513, 642.3189969347264, 394.29196124740156]
  resolution: [1280, 800]
  rostopic: /camera/color/image_raw
  timeshift_cam_imu: -0.007799340604566563

